0.0614231
0.06165
0.0624725
0.063708
0.0651048
0.0663913
0.067327
0.0677438
0.0675723
0.0668497
0.0657068
0.0643407
0.0629765
0.0618262
0.0610529
0.0607449
0.0609044
0.0614525
0.0622473
0.0631125
0.0638698
0.0641839
0.0637834
0.0625605
0.0605947
0.0581272
0.0555024
0.0530958
0.0512408
0.0501693
0.0499742
0.050599
0.051855
0.0534601
0.0550917
0.0564441
0.0572782
0.0574584
0.0569685
0.0559067
0.0544617
0.0530612
0.0521312
0.0519674
0.052679
0.0541836
0.0562399
0.0585063
0.0606105
0.062219
0.0630936
0.0631275
0.0623558
0.0609415
0.0591409
0.0572559
0.0555811
0.0543565
0.0537315
0.0537473
0.0543369
0.0553439
0.0565546
0.0577364
0.0586775
0.0592199
0.0592812
0.0588625
0.0580425
0.056959
0.0557826
0.054687
0.0538204
0.0532839
0.0531184
0.0533028
0.0537616
0.0543808
0.0550295
0.0555816
0.0559354
0.0560283
0.0558434
0.0554091
0.0547908
0.054078
0.0533684
0.0527519
0.0522969
0.0520418
0.0519906
0.0521154
0.0523632
0.0526659
0.0529522
0.053159
0.0532404
0.0531732
0.0529592
0.0526225
0.0522041
0.0517543
0.0513241
0.0509578
0.0506861
0.0505232
0.0504655
0.050494
0.050578
0.0506813
0.0507676
0.0508063
0.0507765
0.0506692
0.0504879
0.0502468
0.0499679
0.0496771
0.0493997
0.049157
0.0489637
0.0488255
0.0487401
0.0486973
0.0486818
0.0486757
0.0486613
0.0486237
0.0485527
0.048444
0.0482992
0.048125
0.0479317
0.0477317
0.0475371
0.0473584
0.0472029
0.0470739
0.0469708
0.0468894
0.0468229
0.0467632
0.0467018
0.0466317
0.0465474
0.0464464
0.0463286
0.0461963
0.046054
0.0459069
0.0457607
0.0456203
0.0454897
0.0453711
0.0452648
0.0451698
0.0450835
0.0450026
0.0449233
0.0448423
0.0447568
0.0446651
0.0445664
0.0444613
0.0443512
0.0442381
0.0441243
0.0440122
0.0439037
0.0438003
0.0437026
0.0436106
0.0435239
0.0434411
0.043361
0.0432821
0.043203
0.0431226
0.0430404
0.0429562
0.0428702
0.0427829
0.0426952
0.042608
0.0425223
0.0424387
0.042358
0.0422803
0.0422058
0.0421342
0.0420651
0.0419981
0.0419326
0.0418681
0.0418042
0.0417406
0.0416773
0.0416144
0.0415519
0.0414902
