1.08486
0.89128
0.740355
0.626787
0.542724
0.481794
0.438833
0.409673
0.390971
0.380066
0.374863
0.373722
0.37538
0.378873
0.383479
0.388665
0.394049
0.399362
0.404426
0.40913
0.413411
0.417243
0.420627
0.423577
0.426122
0.428296
0.430136
0.43168
0.432965
0.434025
0.434893
0.435598
0.436165
0.436617
0.436975
0.437255
0.437472
0.437637
0.437761
0.437853
0.43792
0.437966
0.437998
0.438017
0.438029
0.438034
0.438035
0.438032
0.438028
0.438023
0.438017
0.438011
0.438004
0.437999
0.437993
0.437989
0.437984
0.43798
0.437977
0.437974
0.437972
0.43797
0.437968
0.437967
0.437965
0.437964
0.437964
0.437963
0.437963
0.437962
0.437962
0.437962
0.437961
0.437961
0.437961
0.437961
0.437961
0.437961
0.437961
0.437961
0.437961
0.437961
0.437961
0.437961
0.437961
0.437961
0.437961
0.437961
0.437961
0.437961
0.437961
0.437961
0.437961
0.437961
0.437961
0.437961
0.437961
0.437961
0.437961
0.437961
0.437961
0.437961
0.437961
0.437961
0.437961
0.437961
0.437961
0.437961
0.437961
0.437961
0.437961
0.437961
0.437961
0.437961
0.437961
0.437961
0.437961
0.437961
0.437961
0.437961
0.437961
0.437961
0.437961
0.437961
0.437961
0.437961
0.437961
0.437961
0.437961
0.437961
0.437961
0.437961
0.437961
0.437961
0.437961
0.437961
0.437961
0.437961
0.437961
0.437961
0.437961
0.437961
0.437961
0.437961
0.437961
0.437961
0.437961
0.437961
0.437961
0.437961
0.437961
0.437961
0.437961
0.437961
0.437961
0.437961
0.437961
0.437961
0.437961
0.437961
0.437961
0.437961
0.437961
0.437961
0.437961
0.437961
0.437961
0.437961
0.437961
0.437961
0.437961
0.437961
0.437961
0.437961
0.437961
0.437961
0.437961
0.437961
0.437961
0.437961
0.437961
0.437961
0.437961
0.437961
0.437961
0.437961
0.437961
0.437961
0.437961
0.437961
0.437961
0.437961
0.437961
0.437961
0.437961
0.437961
0.437961
0.437961
0.437961
0.437961
