1.05914
1.05835
1.05671
1.05443
1.05167
1.04857
1.04522
1.04171
1.03808
1.03437
1.03064
1.02688
1.02313
1.01939
1.01567
1.01196
1.00828
1.00462
1.00098
0.997356
0.993749
0.990156
0.986573
0.982999
0.979431
0.975866
0.972304
0.968741
0.965178
0.961612
0.958043
0.954469
0.950891
0.947307
0.943718
0.940122
0.936519
0.932909
0.929291
0.925666
0.922033
0.918392
0.914742
0.911084
0.907418
0.903744
0.900062
0.896371
0.892672
0.888966
0.885251
0.881527
0.877796
0.874055
0.870306
0.866548
0.862782
0.859006
0.855222
0.851429
0.847628
0.843818
0.839999
0.836172
0.832337
0.828492
0.82464
0.820778
0.816908
0.813028
0.80914
0.805243
0.801337
0.797422
0.793498
0.789565
0.785623
0.781673
0.777713
0.773745
0.769767
0.765781
0.761786
0.757781
0.753768
0.749745
0.745713
0.741672
0.737621
0.733562
0.729493
0.725415
0.721327
0.717231
0.713125
0.70901
0.704886
0.700752
0.696609
0.692456
0.688294
0.684123
0.679942
0.675752
0.671552
0.667342
0.663123
0.658894
0.654656
0.650408
0.646151
0.641884
0.637607
0.633321
0.629025
0.624719
0.620403
0.616077
0.611742
0.607397
0.603042
0.598677
0.594302
0.589917
0.585523
0.581118
0.576703
0.572279
0.567844
0.563399
0.558945
0.55448
0.550005
0.545519
0.541024
0.536518
0.532003
0.527477
0.52294
0.518394
0.513837
0.509269
0.504692
0.500104
0.495505
0.490897
0.486277
0.481648
0.477007
0.472357
0.467695
0.463023
0.458341
0.453648
0.448944
0.44423
0.439505
0.434769
0.430022
0.425265
0.420497
0.415718
0.410928
0.406128
0.401316
0.396494
0.39166
0.386816
0.381961
0.377095
0.372217
0.367329
0.36243
0.357519
0.352597
0.347664
0.34272
0.337765
0.332799
0.327821
0.322832
0.317832
0.31282
0.307797
0.302762
0.297717
0.292659
0.287591
0.28251
0.277419
0.272315
0.2672
0.262074
0.256936
0.251786
0.246625
0.241452
0.236267
0.23107
0.225862
