0.718633
0.718513
0.718136
0.717729
0.71744
0.717354
0.717497
0.717844
0.718329
0.718865
0.719355
0.719719
0.7199
0.719877
0.719665
0.719312
0.718888
0.71847
0.71813
0.717922
0.717876
0.682156
0.664675
0.656371
0.652613
0.651001
0.650278
0.6498
0.649269
0.648588
0.647782
0.646945
0.646191
0.645629
0.645334
0.645334
0.645609
0.646094
0.646692
0.647294
0.647798
0.683959
0.701789
0.710298
0.714088
0.715562
0.716007
0.716118
0.716259
0.716593
0.717149
0.717873
0.718662
0.719398
0.719971
0.720302
0.720356
0.720144
0.71972
0.719168
0.718588
0.718076
0.717712
0.717546
0.71759
0.717824
0.718196
0.718637
0.71907
0.719426
0.719654
0.719725
0.719639
0.71942
0.719114
0.718776
0.718461
0.718219
0.718082
0.718064
0.718161
0.718348
0.718588
0.718841
0.719065
0.719227
0.719307
0.719297
0.719206
0.719055
0.718871
0.718686
0.718528
0.71842
0.718375
0.718394
0.71847
0.718587
0.718724
0.718857
0.718967
0.719039
0.719064
0.719043
0.718982
0.718894
0.718794
0.718698
0.718621
0.718572
0.718557
0.718574
0.71862
0.718683
0.718754
0.718822
0.718875
0.718908
0.718918
0.718904
0.718871
0.718825
0.718775
0.718726
0.718688
0.718664
0.718656
0.718664
0.718686
0.718717
0.718752
0.718785
0.718812
0.718828
0.718834
0.718828
0.718813
0.718792
0.718767
0.718743
0.718723
0.71871
0.718704
0.718706
0.718714
0.718727
0.718743
0.718758
0.718771
0.71878
0.718784
0.718783
0.718777
0.718768
0.718757
0.718745
0.718735
0.718727
0.718722
0.71872
0.718722
0.718726
0.718732
0.718738
0.718744
0.718749
0.718751
0.718752
0.71875
0.718746
0.718741
0.718736
0.718731
0.718726
0.718722
0.718719
0.718718
0.718718
0.718719
0.718721
0.718723
0.718724
0.718725
0.718725
0.718725
0.718723
0.718721
0.718718
0.718715
0.718712
0.718709
0.718707
0.718705
0.718703
0.718702
0.718701
0.718701
0.7187
0.7187
0.718699
