376.991
376.996
377.008
377.016
377.019
377.017
377.01
376.999
376.988
376.977
376.968
376.964
376.964
376.968
376.976
376.985
376.994
377.002
377.007
377.008
377.006
376.997
376.983
376.967
376.952
376.942
376.939
376.943
376.954
376.97
376.987
377.004
377.016
377.023
377.024
377.018
377.008
376.995
376.981
376.97
376.962
376.963
376.973
376.988
377.005
377.021
377.032
377.036
377.033
377.023
377.009
376.992
376.976
376.963
376.955
376.953
376.958
376.967
376.979
376.991
377.003
377.011
377.015
377.015
377.01
377.002
376.992
376.983
376.975
376.969
376.968
376.969
376.974
376.98
376.988
376.995
377
377.004
377.004
377.002
376.998
376.993
376.987
376.982
376.979
376.977
376.977
376.979
376.982
376.986
376.99
376.994
376.996
376.997
376.997
376.995
376.993
376.99
376.987
376.984
376.983
376.982
376.983
376.984
376.986
376.988
376.99
376.992
376.993
376.993
376.993
376.992
376.991
376.989
376.987
376.986
376.986
376.985
376.986
376.986
376.987
376.988
376.989
376.99
376.991
376.991
376.991
376.99
376.99
376.989
376.988
376.988
376.987
376.987
376.987
376.988
376.988
376.989
376.989
376.989
376.99
376.99
376.99
376.99
376.989
376.989
376.989
376.988
376.988
376.988
376.988
376.988
376.989
376.989
376.989
376.989
376.989
376.989
376.99
376.989
376.989
376.989
376.989
376.989
376.989
376.989
376.989
376.989
376.989
376.989
376.989
376.989
376.989
376.989
376.99
376.99
376.99
376.99
376.989
376.989
376.989
376.989
376.989
376.989
376.989
376.989
376.99
376.99
376.99
376.99
376.99
376.99
376.99
376.99
376.99
376.99
376.99
376.99
376.99
376.99
