376.991
377.257
377.755
377.253
375.866
373.584
370.697
368.369
368.591
371.406
372.968
371.441
367.729
360.04
340.23
269.825
250.466
153.528
39.3013
-78.2646
171.103
-158.993
-208.907
-806.648
-469.078
-1010.02
-1275.73
-1540.9
-2310.13
404.561
3506.11
11217.5
23420.3
42422.6
63676.7
123984
229904
366075
662569
1.13599e+006
1.90678e+006
3.18071e+006
5.3839e+006
8.98792e+006
1.50828e+007
2.53578e+007
4.2453e+007
7.044e+007
1.17579e+008
1.95765e+008
3.24771e+008
5.40879e+008
8.97544e+008
1.49141e+009
2.47603e+009
4.11062e+009
6.82627e+009
1.13318e+010
1.8801e+010
3.1193e+010
5.17614e+010
8.58737e+010
1.42475e+011
2.36371e+011
3.92109e+011
6.50428e+011
1.07894e+012
1.78974e+012
2.96878e+012
4.92442e+012
8.16834e+012
1.3549e+013
2.24737e+013
3.72768e+013
6.18307e+013
1.02557e+014
1.70109e+014
2.82155e+014
4.68002e+014
7.76258e+014
1.28755e+015
2.13561e+015
3.54226e+015
5.8754e+015
9.74527e+015
1.61641e+016
2.68106e+016
4.44696e+016
7.37598e+016
1.22342e+017
2.02923e+017
3.3658e+017
5.5827e+017
9.25977e+017
1.53588e+018
2.54749e+018
4.2254e+018
7.00848e+018
1.16246e+019
1.92813e+019
3.1981e+019
5.30454e+019
8.79839e+019
1.45935e+020
2.42055e+020
4.01486e+020
6.65927e+020
1.10454e+021
1.83205e+021
3.03874e+021
5.04022e+021
8.35999e+021
1.38663e+022
2.29994e+022
3.81481e+022
6.32745e+022
1.04951e+023
1.74077e+023
2.88733e+023
4.78908e+023
7.94343e+023
1.31754e+024
2.18534e+024
3.62473e+024
6.01217e+024
9.97211e+024
1.65403e+025
2.74346e+025
4.55045e+025
7.54763e+025
1.25189e+026
2.07645e+026
3.44412e+026
5.7126e+026
9.47522e+026
1.57161e+027
2.60676e+027
4.32371e+027
7.17155e+027
1.18951e+028
1.97299e+028
3.2725e+028
5.42795e+028
9.0031e+028
1.4933e+029
2.47687e+029
4.10827e+029
6.8142e+029
1.13024e+030
1.87468e+030
3.10944e+030
5.15749e+030
8.55449e+030
1.41889e+031
2.35345e+031
3.90357e+031
6.47467e+031
1.07392e+032
1.78127e+032
2.95451e+032
4.9005e+032
8.12824e+032
1.34819e+033
2.23619e+033
3.70906e+033
6.15205e+033
1.02041e+034
1.69251e+034
2.80729e+034
4.65632e+034
7.72323e+034
1.28102e+035
2.12476e+035
3.52425e+035
5.84551e+035
9.69568e+035
1.60818e+036
2.66741e+036
4.42431e+036
7.3384e+036
1.21719e+037
2.01889e+037
3.34864e+037
5.55424e+037
9.21256e+037
1.52805e+038
2.5345e+038
4.20386e+038
6.97274e+038
1.15654e+039
1.91829e+039
3.18179e+039
5.27749e+039
8.75352e+039
1.45191e+040
2.40821e+040
3.99439e+040
6.62531e+040
1.09891e+041
1.82271e+041
