376.991
377.109
377.199
376.533
375.345
373.796
372.288
371.563
372.293
374.133
375.8
376.857
378.208
381.183
388.255
406.425
447.603
235.832
419.452
283.793
742.187
298.593
827.824
717.631
2567.58
7081.13
9291.12
18297.5
32564.4
65446.9
114207
220209
418700
724072
1.31625e+006
2.38848e+006
4.29218e+006
7.71236e+006
1.38977e+007
2.49984e+007
4.50179e+007
8.05675e+007
1.44702e+008
2.59733e+008
4.65834e+008
8.3497e+008
1.49487e+009
2.67937e+009
4.79717e+009
8.59513e+009
1.53946e+010
2.75654e+010
4.93741e+010
8.84277e+010
1.58348e+011
2.83587e+011
5.07835e+011
9.0945e+011
1.62864e+012
2.91649e+012
5.22271e+012
9.35236e+012
1.67478e+013
2.99905e+013
5.37048e+013
9.61705e+013
1.72215e+014
3.08389e+014
5.52238e+014
9.88902e+014
1.77084e+015
3.17108e+015
5.6785e+015
1.01686e+016
1.8209e+016
3.26072e+016
5.83901e+016
1.0456e+017
1.87237e+017
3.35288e+017
6.00405e+017
1.07515e+018
1.92529e+018
3.44765e+018
6.17376e+018
1.10554e+019
1.97971e+019
3.5451e+019
6.34826e+019
1.13679e+020
2.03567e+020
3.6453e+020
6.52769e+020
1.16892e+021
2.09321e+021
3.74833e+021
6.71219e+021
1.20196e+022
2.15237e+022
3.85428e+022
6.90191e+022
1.23593e+023
2.21321e+023
3.96322e+023
7.09699e+023
1.27087e+024
2.27576e+024
4.07524e+024
7.29758e+024
1.30679e+025
2.34008e+025
4.19042e+025
7.50385e+025
1.34372e+026
2.40623e+026
4.30886e+026
7.71594e+026
1.3817e+027
2.47424e+027
4.43065e+027
7.93403e+027
1.42076e+028
2.54417e+028
4.55588e+028
8.15828e+028
1.46091e+029
2.61608e+029
4.68465e+029
8.38887e+029
1.50221e+030
2.69002e+030
4.81706e+030
8.62598e+030
1.54467e+031
2.76605e+031
4.95321e+031
8.86979e+031
1.58833e+032
2.84424e+032
5.09321e+032
9.12049e+032
1.63322e+033
2.92463e+033
5.23717e+033
9.37827e+033
1.67938e+034
3.00729e+034
5.3852e+034
9.64335e+034
1.72685e+035
3.09229e+035
5.53741e+035
9.91591e+035
1.77566e+036
3.17969e+036
5.69392e+036
1.01962e+037
1.82584e+037
3.26957e+037
5.85486e+037
1.04844e+038
1.87745e+038
3.36198e+038
6.02034e+038
1.07807e+039
1.93052e+039
3.457e+039
6.1905e+039
1.10854e+040
1.98508e+040
3.55471e+040
6.36548e+040
1.13987e+041
2.04119e+041
3.65519e+041
6.54539e+041
1.17209e+042
2.09888e+042
3.7585e+042
6.7304e+042
1.20522e+043
2.15821e+043
3.86473e+043
6.92063e+043
1.23929e+044
2.21921e+044
3.97397e+044
7.11624e+044
1.27431e+045
2.28193e+045
4.08629e+045
7.31738e+045
1.31033e+046
2.34643e+046
4.20179e+046
7.5242e+046
1.34737e+047
2.41275e+047
4.32055e+047
7.73687e+047
