0
0.0299997
0.059997
0.0899875
0.119966
0.149926
0.179861
0.209764
0.239628
0.269447
0.299213
0.328919
0.358558
0.388124
0.41761
0.447007
0.47631
0.505512
0.534605
0.563584
0.59244
0.621167
0.649759
0.678208
0.706508
0.734652
0.762634
0.790446
0.818082
0.845535
0.872799
0.899867
0.926733
0.95339
0.979831
1.00605
1.03204
1.0578
1.08331
1.10858
1.1336
1.15835
1.18284
1.20706
1.231
1.25465
1.27801
1.30108
1.32385
1.3463
1.36845
1.39027
1.41177
1.43293
1.45376
1.47425
1.49439
1.51418
1.53361
1.55267
1.57136
1.58968
1.60762
1.62518
1.64234
1.65911
1.67548
1.69145
1.70701
1.72215
1.73687
1.75117
1.76504
1.77848
1.79148
1.80404
1.81616
1.82782
1.83903
1.84979
1.86008
1.8699
1.87926
1.88814
1.89655
1.90447
1.91191
1.91886
1.92533
1.93129
1.93676
1.94173
1.9462
1.95016
1.95361
1.95655
1.95897
1.96087
1.96226
1.96312
