-1
-0.999994
-0.999957
-0.999866
-0.999705
-0.999465
-0.999138
-0.99872
-0.998208
-0.997601
-0.996896
-0.996093
-0.995193
-0.994193
-0.993094
-0.991897
-0.9906
-0.989205
-0.987711
-0.986118
-0.984426
-0.982637
-0.980749
-0.978762
-0.976678
-0.974497
-0.972218
-0.969841
-0.967368
-0.964798
-0.962131
-0.959368
-0.95651
-0.953555
-0.950506
-0.947361
-0.944122
-0.940788
-0.93736
-0.933838
-0.930223
-0.926515
-0.922714
-0.918821
-0.914836
-0.91076
-0.906592
-0.902334
-0.897986
-0.893548
-0.88902
-0.884404
-0.879699
-0.874906
-0.870026
-0.865058
-0.860005
-0.854865
-0.849639
-0.844329
-0.838934
-0.833456
-0.827894
-0.822249
-0.816522
-0.810714
-0.804824
-0.798854
-0.792804
-0.786674
-0.780466
-0.77418
-0.767817
-0.761377
-0.75486
-0.748269
-0.741602
-0.734861
-0.728047
-0.72116
-0.7142
-0.70717
-0.700068
-0.692897
-0.685656
-0.678347
-0.67097
-0.663526
-0.656015
-0.648439
-0.640798
-0.633093
-0.625325
-0.617494
-0.609601
-0.601648
-0.593634
-0.585561
-0.577429
-0.56924
